-7.166981823595347301e+00 -6.036184299897349170e+00 -1.906332598195263017e+00
-7.071953197261469093e+00 -5.949548980771447226e+00 -1.830086556766980177e+00
-6.973281187975347351e+00 -5.863544300785310526e+00 -1.744367664521205175e+00
-6.874674859141654437e+00 -5.779648754783431208e+00 -1.644474165823085698e+00
-6.778841330348569727e+00 -5.698100874940978500e+00 -1.531226899605971248e+00
-6.688094988798572338e+00 -5.617514865798248991e+00 -1.410657388398423029e+00
-6.601005396846133522e+00 -5.537252325845517298e+00 -1.284634206811066992e+00
-6.511770636277942614e+00 -5.457174197753346334e+00 -1.150716289637004675e+00
-6.414145803724574435e+00 -5.376298552095652994e+00 -1.006314246138785062e+00
-6.301327544597465469e+00 -5.293232774932540963e+00 -8.485145991048023140e-01
-6.150022683816851909e+00 -5.203391650955216718e+00 -6.725558873499827284e-01
-5.928495671893090346e+00 -5.100368992836541437e+00 -4.751781587665203088e-01
-5.632667103173933043e+00 -4.985592996638388286e+00 -2.604873693322762307e-01
-5.274941688640374160e+00 -4.867202988636731398e+00 -3.580677707553017036e-02
-4.863334064447136562e+00 -4.750253644114358131e+00 1.944597826777846039e-01
-4.404372740065489289e+00 -4.636756850050185008e+00 4.280348688508249788e-01
-3.903951572851961149e+00 -4.528666659630911973e+00 6.633282143616752169e-01
-3.368116863183718834e+00 -4.427818774962947401e+00 8.991011832873379017e-01
-2.802906662143313188e+00 -4.335798509283645075e+00 1.134190948835561263e+00
-2.213910279667704373e+00 -4.253952785728486674e+00 1.367355992381509733e+00
-1.606342672914500280e+00 -4.183623150894774767e+00 1.597345108769448130e+00
-9.850130020155706267e-01 -4.125681560812969551e+00 1.823304772345150981e+00
-3.540525481607038061e-01 -4.080899022869265202e+00 2.044001746934358099e+00
2.829128610236540387e-01 -4.050602672602475529e+00 2.257734151834281278e+00
9.225543615922001672e-01 -4.034930243460374655e+00 2.463914570154822403e+00
1.561754856197492547e+00 -4.032434126584671041e+00 2.662388985093587568e+00
2.197383706734265196e+00 -4.042479232701014169e+00 2.852044250432902661e+00
2.826576307756631046e+00 -4.065895006261158073e+00 3.032150886843180793e+00
3.447136676924384968e+00 -4.102095877449021266e+00 3.202983292440632290e+00
4.056875147239338730e+00 -4.147989167193098403e+00 3.363865174962280769e+00
4.652942912617641369e+00 -4.201027702794351448e+00 3.513089853893947456e+00
5.232665024743877957e+00 -4.260264373605354926e+00 3.649547099932227034e+00
5.794403766702194147e+00 -4.325181009067849303e+00 3.773017518667300063e+00
6.337260055070193410e+00 -4.395416844780588583e+00 3.883547083179107240e+00
6.860710962077004815e+00 -4.470849650913241824e+00 3.981172088554507660e+00
7.364646691969467085e+00 -4.550997822497935275e+00 4.066023038156107106e+00
7.849318354603610715e+00 -4.634877290275793982e+00 4.138038607559996862e+00
8.314887517917712856e+00 -4.722575013939030342e+00 4.196926662177419942e+00
8.761476760610031889e+00 -4.814425526658386190e+00 4.243344616026812233e+00
9.189231621423422425e+00 -4.908557240185400516e+00 4.278857248459751794e+00
9.597979178998091498e+00 -5.002555182032109471e+00 4.303949866994740248e+00
9.987364237848316506e+00 -5.095900412549231540e+00 4.318436208279034183e+00
1.035654828542033634e+01 -5.189143302786867196e+00 4.323087088819866253e+00
1.070416785121118686e+01 -5.282248235635567113e+00 4.319259326925226183e+00
1.102902700381046763e+01 -5.374481184350572427e+00 4.308055849764439671e+00
1.133030769329160492e+01 -5.464918846296367150e+00 4.290364353392281949e+00
1.160739697102563106e+01 -5.552584544733718985e+00 4.267183378746215894e+00
1.185965304637393203e+01 -5.636552692705657286e+00 4.239699544288960453e+00
1.208638354986814178e+01 -5.715767580494850009e+00 4.209282110623358442e+00
1.228700591469915437e+01 -5.788973106879943487e+00 4.177541097552248672e+00
