5.564050145004381109e-01 -4.146542422293963526e+00 5.492191149460981414e+00
5.611642964497358665e-01 -4.059911995303954413e+00 5.466954416323986266e+00
5.622637521494553425e-01 -3.969589564519730551e+00 5.431745442876499297e+00
5.593651279490804429e-01 -3.874996190946492725e+00 5.383078311340556255e+00
5.521735313389177779e-01 -3.776551551812417529e+00 5.320779631326150394e+00
5.395956238310649633e-01 -3.675747079927966787e+00 5.248036106141520385e+00
5.199081717743936348e-01 -3.574147122454334635e+00 5.164365735202392393e+00
4.919534050318954965e-01 -3.472827421234945255e+00 5.065274001940139215e+00
4.549535990638297056e-01 -3.372922802568198986e+00 4.948801242567220982e+00
4.071588938989262330e-01 -3.276086778271115385e+00 4.816384923331625600e+00
3.551437925081730174e-01 -3.184590632652279929e+00 4.673378525600435651e+00
3.138358823176385926e-01 -3.100215159602237591e+00 4.528790722853622164e+00
2.880706344256753204e-01 -3.023028058034928911e+00 4.389943071689690335e+00
2.723942922166467384e-01 -2.952740459148960550e+00 4.262394357528697775e+00
2.604618718421745638e-01 -2.889495484401763736e+00 4.147780105898397629e+00
2.481440586771816170e-01 -2.830914248495449037e+00 4.044218994103413678e+00
2.336366607752013158e-01 -2.772144047763725805e+00 3.950335022354459547e+00
2.155291476866371680e-01 -2.709944790339529952e+00 3.864169048157118702e+00
1.922828025557182241e-01 -2.642619537721711431e+00 3.783103665857276976e+00
1.618849623232558321e-01 -2.568248418918440024e+00 3.704303233694060005e+00
1.222229034644201906e-01 -2.484662972319523710e+00 3.624574353003006788e+00
7.137889670323720182e-02 -2.389438556696990013e+00 3.540360885469048036e+00
7.497802335405289939e-03 -2.280191963256255949e+00 3.447954605894557378e+00
-7.126256687679670410e-02 -2.154718180961048724e+00 3.343667131040215512e+00
-1.665717066673218505e-01 -2.010925895881056302e+00 3.223816253148583222e+00
-2.955685932387265846e-01 -1.854488889676727315e+00 3.093236497564421317e+00
-4.880602828050143449e-01 -1.700160730214843596e+00 2.966316213764159659e+00
-7.531853093153582090e-01 -1.557830326509006102e+00 2.850793916077775769e+00
-1.083000276422495745e+00 -1.430994730461894182e+00 2.746817274491963889e+00
-1.470416130593058091e+00 -1.323132194586141175e+00 2.654695616996273877e+00
-1.909163784391392893e+00 -1.238238184344483184e+00 2.574818342580739827e+00
-2.394404441181154475e+00 -1.181006201552524670e+00 2.507191827111138416e+00
-2.921762931339764613e+00 -1.155668516447210026e+00 2.451574004885679336e+00
-3.485698964383583842e+00 -1.164738833814218166e+00 2.408440574858182970e+00
-4.078781907211372904e+00 -1.211570388323044201e+00 2.378154334459905872e+00
-4.693518557793467494e+00 -1.301232492314881695e+00 2.358615299370688145e+00
-5.324359727301358092e+00 -1.436768754557786076e+00 2.346829585947725061e+00
-5.966607665200447386e+00 -1.616631946119997165e+00 2.342606704512733895e+00
-6.615472006109437864e+00 -1.836978479064860226e+00 2.345526784374027951e+00
-7.265897874203714579e+00 -2.097021532819204559e+00 2.352165194285909422e+00
-7.912657475793432482e+00 -2.396150975678116524e+00 2.360170351665206390e+00
-8.551169359578697282e+00 -2.729551601332523170e+00 2.368894027160593385e+00
-9.177994601275674569e+00 -3.091483812735488446e+00 2.376822122155002326e+00
-9.790723933864033057e+00 -3.477162772776947186e+00 2.381949796554513998e+00
-1.038760821143228341e+01 -3.882247043226394023e+00 2.382643343267176306e+00
-1.096712109012993608e+01 -4.301449292638120703e+00 2.377744132525941634e+00
-1.152737529129677441e+01 -4.728111206033573488e+00 2.366793166381652824e+00
-1.206621147315599885e+01 -5.156589055024312529e+00 2.349309521313672988e+00
-1.258185800840062285e+01 -5.582818350479679559e+00 2.324677159532375192e+00
-1.307265895145822654e+01 -6.002681458628345013e+00 2.293399271211141510e+00
-1.353695037372135701e+01 -6.412649919220794636e+00 2.256169629017246603e+00
-1.397337009611978331e+01 -6.810499278905952636e+00 2.213162376065270109e+00
-1.438058717156492250e+01 -7.193494528328628235e+00 2.165201594662485629e+00
-1.475768611924667617e+01 -7.559845489603782553e+00 2.113595693185266633e+00
-1.510451002150694499e+01 -7.909290878658053359e+00 2.059729482393490407e+00
-1.542146374368942041e+01 -8.242057145996634304e+00 2.004776510442559889e+00
-1.570964673020234059e+01 -8.559486142329564728e+00 1.949310222305214113e+00
-1.597044962372425303e+01 -8.862077255891135152e+00 1.893806600302009979e+00
-1.620496450543808820e+01 -9.149578344976792010e+00 1.838998599100934772e+00
-1.641429144012344921e+01 -9.421637963338195476e+00 1.785437467739815487e+00
-1.659980772445236497e+01 -9.677863083232644215e+00 1.733232885565797687e+00
-1.676298265002689547e+01 -9.919213153613206657e+00 1.682428687508161103e+00
-1.690525714599690232e+01 -1.014704028983543616e+01 1.633075855532814868e+00
-1.702799576944651605e+01 -1.036251091461656415e+01 1.585102719093077983e+00
-1.713229708422444020e+01 -1.056688840983193778e+01 1.538485141171808346e+00
-1.721876963858138510e+01 -1.076149420051855898e+01 1.493166228851279698e+00
-1.728763775047202600e+01 -1.094770672434598957e+01 1.449075043892446235e+00
-1.733927413274485474e+01 -1.112616977596726997e+01 1.406500717686616442e+00
-1.737448080679036622e+01 -1.129742069056553433e+01 1.365458705806638751e+00
-1.739404997268100317e+01 -1.146241508322794900e+01 1.325772067692849276e+00
-1.739887570247215010e+01 -1.162112392704736052e+01 1.288362821067058572e+00
-1.739063880561022657e+01 -1.177232830429188759e+01 1.254253362283996420e+00
-1.737175455206659436e+01 -1.191431319222695961e+01 1.223359520959614422e+00
-1.734486571607285654e+01 -1.204549596942717571e+01 1.195199801072737600e+00
-1.731273054577291859e+01 -1.216467281386747246e+01 1.169689695139624952e+00
