1.150787875071619482e+01 1.565621459847022479e+01 -4.926564570587814718e-01
1.093215305566002371e+01 1.567161090259663325e+01 -3.365180034983673019e-01
1.035411381865838543e+01 1.568961099622110034e+01 -1.818459067473863766e-01
9.763613015780263638e+00 1.570827426092416523e+01 -2.664940875843962997e-02
9.152975316263825434e+00 1.572684560448590041e+01 1.319095330649758258e-01
8.515372422114843687e+00 1.574483243583413028e+01 2.981413210901951993e-01
7.844468858055663851e+00 1.576009370647115304e+01 4.773920849100255492e-01
7.132376037722714557e+00 1.577015916944278118e+01 6.768063973762779018e-01
6.371395685666485065e+00 1.577400928480286346e+01 8.861222867353582000e-01
5.600956478031748453e+00 1.577890304502822971e+01 1.076507698302830551e+00
4.904353520703184977e+00 1.580016707984816726e+01 1.236547817720170972e+00
4.316106879559845844e+00 1.584476895277835418e+01 1.372483106442208278e+00
3.823440972573658669e+00 1.591092465608318562e+01 1.490207897065487508e+00
3.413998814328182529e+00 1.599695289586874125e+01 1.594868574449505916e+00
3.076071877802686316e+00 1.610141851414832104e+01 1.691150521131041140e+00
2.798445819050847660e+00 1.622345712759332770e+01 1.783234503123197090e+00
2.570408502592780753e+00 1.636283083108457248e+01 1.875180577467298715e+00
2.381277813150442846e+00 1.651948369783357862e+01 1.970963324855224297e+00
2.219360882822481784e+00 1.669356236189214826e+01 2.073758414791882831e+00
2.072000100007858059e+00 1.688575438335692525e+01 2.185854287726385348e+00
1.926990721832071873e+00 1.709705192857392930e+01 2.309883442600594083e+00
1.772548701747918676e+00 1.732815993203175964e+01 2.449077032757990935e+00
1.596291956415023305e+00 1.757987090876799741e+01 2.605797053871166558e+00
1.384679946134521389e+00 1.785342999256020491e+01 2.781367225750839278e+00
1.122485339000691251e+00 1.815011383948366230e+01 2.977106292946676280e+00
8.005098224989755096e-01 1.847085194160022681e+01 3.196646450213357582e+00
4.172950900080640846e-01 1.881814137582422219e+01 3.445079991959351329e+00
-3.649091125084558129e-02 1.919594206230877731e+01 3.725295476105870751e+00
-5.756594331639692808e-01 1.960765696505003319e+01 4.039445970534266905e+00
-1.207809377766039249e+00 2.005702542280171841e+01 4.391559140844510267e+00
-1.896060158105871585e+00 2.052006097985337618e+01 4.766398529840033760e+00
-2.563714308318632895e+00 2.095237515917453663e+01 5.128162042876974525e+00
-3.174778713090821380e+00 2.133742849900062666e+01 5.460190550090202599e+00
-3.733947215696760136e+00 2.167031188729582780e+01 5.765149877238067155e+00
-4.246263895045133907e+00 2.194648507387908865e+01 6.047272268223129466e+00
-4.716650661868153627e+00 2.217095466342439991e+01 6.311160613910583805e+00
-5.150329198915769346e+00 2.234801514833967317e+01 6.557867548795156765e+00
-5.552381701187867336e+00 2.247936895734494556e+01 6.784988858093688791e+00
-5.927468418300942510e+00 2.256439404838518925e+01 6.989528974393799388e+00
-6.279762752808776050e+00 2.260167649818410496e+01 7.170656000998575585e+00
-6.611797114811363230e+00 2.259201100313346089e+01 7.329820902031681129e+00
-6.924326884355140876e+00 2.253802854555932811e+01 7.468705396882412195e+00
-7.217653736010942289e+00 2.244182796986110517e+01 7.587582689636776401e+00
-7.492365647225558867e+00 2.230470977390521981e+01 7.685930820997242563e+00
-7.748878496472981325e+00 2.212775623991062801e+01 7.763471020646979248e+00
-7.987281658785391869e+00 2.191157747279536494e+01 7.820081014432131994e+00
-8.207612668726872229e+00 2.165603227280563914e+01 7.855625416363760216e+00
-8.410078762738143254e+00 2.136106964413784226e+01 7.869965087711412899e+00
-8.595258825878625331e+00 2.102728666403409719e+01 7.863282488549019789e+00
-8.764245358788311790e+00 2.065477490709413999e+01 7.836146466071519434e+00
-8.918969982639321614e+00 2.024226797377984255e+01 7.789327576075763204e+00
-9.062199132711297622e+00 1.978773094937645638e+01 7.723678359918145553e+00
-9.197168300718558953e+00 1.928909067227051821e+01 7.639961662183533342e+00
-9.327273018447069575e+00 1.874481819216394030e+01 7.539120604958888805e+00
-9.456066721018654420e+00 1.815313597548854219e+01 7.422423716630800250e+00
-9.587091433811655961e+00 1.751123348795442070e+01 7.290443592307098264e+00
-9.722939366342099987e+00 1.681669652171761342e+01 7.142777440725855520e+00
-9.864590686138239306e+00 1.606810776300324761e+01 6.979318223261815390e+00
-1.001171698071569338e+01 1.526515037099373195e+01 6.801012185437154578e+00
-1.016331045702235514e+01 1.440998520652657966e+01 6.609730124819636288e+00
-1.031807549361191967e+01 1.350712210844181804e+01 6.407430358976662355e+00
-1.047462808007654012e+01 1.256112044813188788e+01 6.195132838002067821e+00
-1.063181036524679257e+01 1.157560688470114130e+01 5.973107077099355955e+00
-1.078865954054379550e+01 1.055393889012737318e+01 5.741833105164215745e+00
-1.094378850266847891e+01 9.500066087703043394e+00 5.502047767888913476e+00
-1.109523687170269746e+01 8.418743611041392683e+00 5.254266551300522892e+00
-1.124075946927612257e+01 7.314909720184455288e+00 4.998514167678562714e+00
-1.137580534318813896e+01 6.192896460331584585e+00 4.736694957960730257e+00
-1.149729164164931383e+01 5.055329569169492387e+00 4.469364895645492552e+00
-1.160792747005768177e+01 3.906406323750826193e+00 4.191638622309845630e+00
-1.170870547219731428e+01 2.754839397718953808e+00 3.901521714707487209e+00
-1.179738299005859226e+01 1.608423105248238727e+00 3.599851241594405060e+00
-1.187254985776920968e+01 4.714885708441437506e-01 3.283856119922776262e+00
-1.193243633748348742e+01 -6.517404194526490446e-01 2.950598808821983887e+00
-1.197508737639897447e+01 -1.757921890977526047e+00 2.599709770076273241e+00
-1.199977828712146355e+01 -2.845504215688643868e+00 2.231266895339353962e+00
-1.200668189960940957e+01 -3.913364270237411180e+00 1.844194990257881805e+00
-1.199564809777791652e+01 -4.960323648323129220e+00 1.437836570013400372e+00
-1.196485414368002864e+01 -5.981493609767385422e+00 1.014284739655875400e+00
-1.191113648736695474e+01 -6.969096454131478602e+00 5.768528371548455880e-01
-1.183317623415465469e+01 -7.916200856171657030e+00 1.279331498999701222e-01
-1.173072923965288261e+01 -8.823119155740503317e+00 -3.327415291471241265e-01
-1.160111611448710889e+01 -9.693291206481138289e+00 -8.046976834473831275e-01
-1.144139007934908570e+01 -1.051851372193578626e+01 -1.280554475700199202e+00
-1.125171392870118936e+01 -1.128788632990107921e+01 -1.755356170700843377e+00
-1.103457138169913954e+01 -1.199926242133732401e+01 -2.231332707227179135e+00
-1.079376682244816266e+01 -1.265517486605704889e+01 -2.709881479902963797e+00
-1.053397374341712656e+01 -1.325649535477865903e+01 -3.189799190181886512e+00
-1.025843671800314283e+01 -1.380249463212494554e+01 -3.667271402506253164e+00
-9.968430712771537472e+00 -1.429459686290619302e+01 -4.136892857641713661e+00
-9.664451978972222079e+00 -1.473510682091393598e+01 -4.594327844817202688e+00
-9.346454111626586680e+00 -1.512633448387746959e+01 -5.036883556576995602e+00
-9.014437561126833032e+00 -1.547136300347154503e+01 -5.462528110141688487e+00
-8.668818334031961115e+00 -1.577332753365467966e+01 -5.868819496805404157e+00
-8.310684424273208748e+00 -1.603425207552101739e+01 -6.253105606284617757e+00
-7.942121280864810728e+00 -1.625535146285491450e+01 -6.613006850335276354e+00
-7.566493260693809120e+00 -1.643716831344950080e+01 -6.945953076545519522e+00
-7.187914514782043796e+00 -1.657978842043133128e+01 -7.249076990112594210e+00
-6.809904716389235446e+00 -1.668335767020401050e+01 -7.520221618599379987e+00
-6.435546015849505253e+00 -1.674817811542349943e+01 -7.758395630198537063e+00
-6.067709937760234595e+00 -1.677467899333512591e+01 -7.963132680168085287e+00
-5.708576661317624534e+00 -1.676288320803686460e+01 -8.133992257333726883e+00
-5.359717146072487282e+00 -1.671272355409078614e+01 -8.270840283086927869e+00
-5.022601871638758375e+00 -1.662488486654424591e+01 -8.373879549751373830e+00
-4.700098916898610035e+00 -1.650213726883224652e+01 -8.444778635556192015e+00
-4.393770501530640971e+00 -1.634863335469004042e+01 -8.488224372163255538e+00
-4.096923461061033223e+00 -1.616037920291378782e+01 -8.501017519243051268e+00
-3.805770050558113571e+00 -1.593038252796318766e+01 -8.476553624032291623e+00
-3.528559799223127680e+00 -1.566444592000037872e+01 -8.422768595877123232e+00
-3.269818250657960945e+00 -1.537171538359302403e+01 -8.346343121492363792e+00
-3.027247055140489529e+00 -1.505728045014906691e+01 -8.247883321467709195e+00
-2.797666362867274437e+00 -1.472238689225096664e+01 -8.129795031528919580e+00
-2.578124920049037261e+00 -1.436277260330217409e+01 -7.990321274980190402e+00
-2.368697615073091622e+00 -1.398175618173593371e+01 -7.831838472208713320e+00
-2.169757780467868269e+00 -1.358986543262861524e+01 -7.661656591813712502e+00
-1.980842743599363631e+00 -1.318939083564811554e+01 -7.482043527597813437e+00
-1.801513613838537253e+00 -1.277513228045852856e+01 -7.290655612248274409e+00
-1.631246132909950797e+00 -1.234667891469068834e+01 -7.087027393607717940e+00
-1.470669157486513834e+00 -1.191292473674922370e+01 -6.876064938896491618e+00
-1.320590439644372172e+00 -1.148265449644561720e+01 -6.662821327600289223e+00
-1.180307636520961490e+00 -1.105635061071453862e+01 -6.448147755826849625e+00
-1.047644352610627827e+00 -1.063009499249429979e+01 -6.231134315759110365e+00
-9.197318501461284601e-01 -1.020243492923779449e+01 -6.011935790615400954e+00
-7.945642795419625148e-01 -9.775739919280109547e+00 -5.791741396118863072e+00
-6.723296462902617066e-01 -9.353135725427998537e+00 -5.571552603933443315e+00
-5.549374054860229943e-01 -8.937088321076565478e+00 -5.352307708966482558e+00
-4.443179635373682990e-01 -8.530141614481895118e+00 -5.134795165130793038e+00
-3.416282998465971499e-01 -8.134275873735049345e+00 -4.919165322528967543e+00
-2.475569640162669227e-01 -7.750461409597778406e+00 -4.705426838694646285e+00
-1.626039396903169454e-01 -7.378909282988534990e+00 -4.493541561964299547e+00
-8.719032536315407533e-02 -7.018841386282319128e+00 -4.283550611129201435e+00
-2.144077148669953914e-02 -6.668610102221904867e+00 -4.075395652205984653e+00
3.481543755458438305e-02 -6.326252852154967243e+00 -3.868433821375504511e+00
8.174037389334487536e-02 -5.989885898547212761e+00 -3.661990457714262348e+00
1.194256674453344491e-01 -5.658362185766787178e+00 -3.455922094152956259e+00
1.481355866940985422e-01 -5.331514207139338879e+00 -3.250699486522386827e+00
1.684041393486381821e-01 -5.009341421811096318e+00 -3.047074606197450741e+00
1.810291721663899178e-01 -4.691609952943007755e+00 -2.845570992309078395e+00
1.874374561546179319e-01 -4.378008571746730304e+00 -2.646361885726304486e+00
1.892757013721195758e-01 -4.068440954391625120e+00 -2.449556155589799111e+00
1.876453187680331425e-01 -3.763109120534182228e+00 -2.255704884684071931e+00
1.834596055962525174e-01 -3.462114889260045736e+00 -2.065616537428965227e+00
1.775254101169756460e-01 -3.165186875453916748e+00 -1.879689789822905910e+00
1.699602201659446976e-01 -2.871772943277439261e+00 -1.697916989799799437e+00
1.606250834852986920e-01 -2.581625329039800576e+00 -1.520337060565968956e+00
1.494183585449626595e-01 -2.295578020346874304e+00 -1.347320261463130331e+00
1.362116275471776383e-01 -2.015564528584706139e+00 -1.179603004177540715e+00
1.211646070077752047e-01 -1.744034221435145859e+00 -1.018146765580775437e+00
1.045790555062739990e-01 -1.483531144414262037e+00 -8.641569661269862257e-01
8.706993901973714145e-02 -1.236315800649047336e+00 -7.188616793662060411e-01
