-1.109264272575671839e-02 -4.259112835746737602e+00 -4.827601909020631687e+00
1.778557484691862742e-02 -4.261642956737071941e+00 -4.852462371584504552e+00
4.745014416754891190e-02 -4.265244516244097284e+00 -4.877981872838007327e+00
7.790076502101914158e-02 -4.269866347268658657e+00 -4.903701432341833311e+00
1.090896948651141479e-01 -4.275715143134982021e+00 -4.929190544714821876e+00
1.408038809665664581e-01 -4.283124910894793302e+00 -4.954271819882256622e+00
1.726609255869739346e-01 -4.292272749630433815e+00 -4.978998048401187759e+00
2.045637012766304552e-01 -4.303217797381789111e+00 -5.003639860244655679e+00
2.375536100754236379e-01 -4.316372594890909298e+00 -5.029472865126132675e+00
2.732476044238993929e-01 -4.332597514463848221e+00 -5.058891520393360430e+00
3.123440047735243641e-01 -4.352087391474491973e+00 -5.094808035438898486e+00
3.550290967255477215e-01 -4.374175745004453830e+00 -5.140229920200997782e+00
4.014720491626374566e-01 -4.398570520182846444e+00 -5.196594563573983194e+00
4.519865709639238061e-01 -4.425657901729614707e+00 -5.264142916525955229e+00
5.074895972210524686e-01 -4.455934560842139902e+00 -5.343384329657050458e+00
5.687823902627189288e-01 -4.489796416734773921e+00 -5.435120312201332737e+00
6.361092677141764185e-01 -4.527433265554362762e+00 -5.540191169821542694e+00
7.097373828804095508e-01 -4.568808051748815657e+00 -5.659201635169919697e+00
7.904715816809688711e-01 -4.614043029325457290e+00 -5.792561492128664113e+00
8.794117467578235203e-01 -4.663784922670528132e+00 -5.940682475111097816e+00
9.774213018151829413e-01 -4.718646969908432354e+00 -6.104041728697742641e+00
1.085224592734486793e+00 -4.778787327734223211e+00 -6.283183926372119643e+00
1.203692003912127273e+00 -4.844270281702742764e+00 -6.478846771810770733e+00
1.334006799102230856e+00 -4.915319853952317075e+00 -6.691881095810859215e+00
1.477544349226344256e+00 -4.992563090861254160e+00 -6.923388696076178128e+00
1.624276833838799616e+00 -5.071827625439395248e+00 -7.160288904090760909e+00
1.753183499917708499e+00 -5.143899487974447737e+00 -7.375039678824984790e+00
1.854958073182451539e+00 -5.204830322450680669e+00 -7.554682138696898974e+00
1.931750691057817715e+00 -5.255874425365655966e+00 -7.700733566117453854e+00
1.985914755800604725e+00 -5.298443507672089936e+00 -7.814681875068224315e+00
2.019749258252350632e+00 -5.334122484052008062e+00 -7.898330917958593211e+00
2.035554507473688712e+00 -5.364877916916004352e+00 -7.953189853790266106e+00
2.035653707125309353e+00 -5.393357410864076940e+00 -7.980259192451403472e+00
2.022017567772221192e+00 -5.422066566212645711e+00 -7.981107371343986401e+00
1.996455905027313404e+00 -5.452726168057947298e+00 -7.957603945360633979e+00
1.960835562281169286e+00 -5.486745552788168112e+00 -7.911797459823011636e+00
1.916616609404063976e+00 -5.525435892628729917e+00 -7.845926240976723420e+00
1.864919810680001788e+00 -5.569986652917538805e+00 -7.760999151214693192e+00
1.806927379394177802e+00 -5.621257327377447766e+00 -7.657440906969620542e+00
1.743571085773822915e+00 -5.678901081517225613e+00 -7.536267084449873366e+00
1.675555511505108175e+00 -5.742146387865910029e+00 -7.399017370542611438e+00
1.603774311602898184e+00 -5.810662422626295509e+00 -7.246954668240048747e+00
1.529479398038841698e+00 -5.884548642574378263e+00 -7.080796630238265443e+00
1.453894933139534773e+00 -5.964385851632845181e+00 -6.901531340852935514e+00
1.377592988192154255e+00 -6.049556617242457079e+00 -6.710649265618616077e+00
1.300733528242763004e+00 -6.137957904255548769e+00 -6.510767239226192160e+00
1.223344496618409716e+00 -6.227658545649468635e+00 -6.303649940445517963e+00
1.145237719200764115e+00 -6.317676361332461354e+00 -6.088944437632552997e+00
1.066204743175559688e+00 -6.408014242951412420e+00 -5.867196374538243830e+00
9.863416814140734123e-01 -6.499324935549725346e+00 -5.639922097426970815e+00
9.061899323747548696e-01 -6.592257045524715586e+00 -5.408640998001169820e+00
8.265488288565980834e-01 -6.687093549551647698e+00 -5.175138891356409587e+00
7.482788421810366852e-01 -6.783928345501673007e+00 -4.940172855551976383e+00
6.721128050579161517e-01 -6.882802681969565128e+00 -4.704123913593154960e+00
5.984051400544851962e-01 -6.983872080436334784e+00 -4.467585506225272063e+00
5.271798610695507259e-01 -7.087365015584867756e+00 -4.230469816112244708e+00
4.583090860586514492e-01 -7.193100236272665704e+00 -3.992803456595177103e+00
3.915503325158887216e-01 -7.300456322838199341e+00 -3.754859030709746470e+00
3.266436476366787467e-01 -7.408851930429129595e+00 -3.516633342303025156e+00
2.635249572738863066e-01 -7.517590066383226244e+00 -3.278508246875759369e+00
2.025069962711349425e-01 -7.625428016485850335e+00 -3.041516699552946346e+00
1.441400983868084684e-01 -7.730713601968085769e+00 -2.806922766648586975e+00
8.891602375417587134e-02 -7.831770820443752612e+00 -2.575537851280060408e+00
3.690827239011866545e-02 -7.927759313904211069e+00 -2.347659597532837594e+00
-1.216747174448391464e-02 -8.018836633764342636e+00 -2.124268184050535524e+00
-5.863130804526319600e-02 -8.105333279447410888e+00 -1.906489490511366514e+00
-1.028419731549256311e-01 -8.187448159943025772e+00 -1.694371992373283842e+00
-1.449640872557190208e-01 -8.265363538790746034e+00 -1.487896128401989149e+00
-1.848991564382857500e-01 -8.339145231713906981e+00 -1.287912596283152578e+00
-2.225313232038111655e-01 -8.408492294144791046e+00 -1.095578740938798923e+00
-2.578928879254805961e-01 -8.473124032713171161e+00 -9.117208055357888252e-01
-2.911347024465422706e-01 -8.533074311176701343e+00 -7.371252945851400895e-01
-3.223289309225011445e-01 -8.588332052116751214e+00 -5.730541905988097984e-01
-3.513415744375358862e-01 -8.638715154715924882e+00 -4.211088688807481661e-01
-3.778035172510672557e-01 -8.683928659973735975e+00 -2.829539722581400629e-01
