-6.894775973110460754e+00 -7.549644431961534785e+00 -2.980770699283891378e+00
-6.948664755899500278e+00 -7.678790948108620285e+00 -3.018345315156263364e+00
-7.001452736661494036e+00 -7.819152119309369375e+00 -3.061053418911343638e+00
-7.051495526548397841e+00 -7.971162597877034628e+00 -3.109337704646049527e+00
-7.097123193925685136e+00 -8.134923157999116583e+00 -3.164408046810715636e+00
-7.137916172504418455e+00 -8.312089210794287197e+00 -3.228000320092112130e+00
-7.175463827339878087e+00 -8.505765985838253940e+00 -3.300968689806901946e+00
-7.211146155414525083e+00 -8.717322570376312640e+00 -3.383649824582865229e+00
-7.245057079620982776e+00 -8.947346856249470903e+00 -3.476287622269611521e+00
-7.277407119053866502e+00 -9.198140556150063318e+00 -3.578767402676575671e+00
-7.308829548008129784e+00 -9.473082048491836105e+00 -3.691519190132821926e+00
-7.339372836059785854e+00 -9.775168184730214094e+00 -3.815632583698645330e+00
-7.368693258362812415e+00 -1.010714990916432399e+01 -3.951875686458322434e+00
-7.399397866413982783e+00 -1.047328425348674941e+01 -4.101110866067250171e+00
-7.436691916514300615e+00 -1.087869859972475162e+01 -4.265606051826924983e+00
-7.483915497139683737e+00 -1.132806872622290584e+01 -4.447940321397056529e+00
-7.542577578588867127e+00 -1.182590819148822803e+01 -4.649704068587709571e+00
-7.613014330908798755e+00 -1.237581637436666604e+01 -4.872644898565180682e+00
-7.695315643888234192e+00 -1.298197218647451301e+01 -5.118961867199806726e+00
-7.790235571771806811e+00 -1.364981726201243717e+01 -5.390754958513229056e+00
-7.898053460772219481e+00 -1.438459907782581659e+01 -5.690300044923480627e+00
-8.019150838786330837e+00 -1.519231990770656182e+01 -6.020011524653318347e+00
-8.154384226089216980e+00 -1.608007860373718856e+01 -6.382358149644657530e+00
-8.304285623488807389e+00 -1.705553066120118189e+01 -6.780138070635885583e+00
-8.469219930324204171e+00 -1.812706217020094002e+01 -7.216645782769785633e+00
-8.651525645974606604e+00 -1.922518364146369407e+01 -7.661154270949589673e+00
-8.854307914165818971e+00 -2.020316709479379114e+01 -8.049100151143960602e+00
-9.077009809318099087e+00 -2.099477385380142636e+01 -8.351271921515165175e+00
-9.316784648009965863e+00 -2.161258885575728783e+01 -8.573193993626968989e+00
-9.571154697274190326e+00 -2.206815150725565644e+01 -8.720111973211606582e+00
-9.837833206185187862e+00 -2.237206817430254802e+01 -8.797091743261018948e+00
-1.011501897666454397e+01 -2.253373413274461612e+01 -8.808915157707392751e+00
-1.040126499775387003e+01 -2.256149420441809994e+01 -8.760074630165286536e+00
-1.069506303810900150e+01 -2.246335134449237003e+01 -8.655129212975413822e+00
-1.099486436416039581e+01 -2.224603546352721040e+01 -8.498683319994503549e+00
-1.129918657734218712e+01 -2.191706848772329508e+01 -8.296197558180924858e+00
-1.160598863042049267e+01 -2.148657383701309698e+01 -8.052840569521222847e+00
-1.191194584168859549e+01 -2.096228143417905088e+01 -7.770659913974576227e+00
-1.221397369343015171e+01 -2.034836454651749449e+01 -7.452295483725764669e+00
-1.251060109672639342e+01 -1.964895862084175349e+01 -7.104737701746640433e+00
-1.280026610795361464e+01 -1.887080003238266102e+01 -6.734564038760881388e+00
-1.308079700156074310e+01 -1.802204232412064044e+01 -6.343700338414790529e+00
-1.335091645349264056e+01 -1.710879282269097246e+01 -5.932424222473672515e+00
-1.360994508876012787e+01 -1.613695114301732403e+01 -5.503484449240174214e+00
-1.385677474481880367e+01 -1.511425723703832524e+01 -5.061727184637105026e+00
-1.408998671036530048e+01 -1.404865215001443879e+01 -4.611492488550539726e+00
-1.430828642466933687e+01 -1.294783527726956152e+01 -4.155518090437180234e+00
-1.451051862714902185e+01 -1.181951344315687713e+01 -3.695666315870384633e+00
-1.469551505917802636e+01 -1.067041476775505515e+01 -3.233594096105058213e+00
-1.486222924958992131e+01 -9.506255766245562455e+00 -2.770651366125853610e+00
-1.500988092724711009e+01 -8.332694484990810224e+00 -2.308203788204597817e+00
-1.513816152805733317e+01 -7.155620101674503353e+00 -1.848483037959221420e+00
-1.524709158093373240e+01 -5.980337426394291001e+00 -1.394378222688560154e+00
-1.533621374255254466e+01 -4.811349418634256025e+00 -9.482605261112178052e-01
-1.540488979896209187e+01 -3.653016574761575264e+00 -5.121185882222932806e-01
-1.545292275748607302e+01 -2.509493309618249235e+00 -8.769581281068941636e-02
-1.548032661192929105e+01 -1.385524099513646412e+00 3.240973148726892794e-01
-1.548718340137805249e+01 -2.863896931813277869e-01 7.224373599554899661e-01
-1.547371440695621558e+01 7.843135092573720879e-01 1.105696576961541444e+00
-1.544035686063875801e+01 1.824402237046028219e+00 1.472185365838135196e+00
-1.538748277918388929e+01 2.830669709353608177e+00 1.821643671333010417e+00
-1.531587845567350747e+01 3.798463079547798493e+00 2.154254285195524865e+00
-1.522724579475118745e+01 4.724637796073606566e+00 2.469746576813554917e+00
-1.512395697801712302e+01 5.607367282988502843e+00 2.768357106480032748e+00
-1.500903931322314655e+01 6.444193129053513935e+00 3.049565493938030336e+00
-1.488518261275221377e+01 7.235124996865232916e+00 3.312603321607324069e+00
-1.475401047722165515e+01 7.981316815015096822e+00 3.558662670769439096e+00
-1.461664247867485678e+01 8.681603979691766781e+00 3.788658265265380631e+00
-1.447419526424470426e+01 9.333618281384882920e+00 4.001668307185060947e+00
-1.432818220637760476e+01 9.935352260602069663e+00 4.197009256169844882e+00
-1.418056746646024635e+01 1.048639046812328601e+01 4.375027274576348546e+00
-1.403364577889182385e+01 1.098712423648965242e+01 4.535898064924045237e+00
-1.389010775167745848e+01 1.143710350446617063e+01 4.679121299585171201e+00
-1.375287808269607126e+01 1.183582393788237042e+01 4.804446088805941706e+00
-1.362466866344591665e+01 1.218395344104947675e+01 4.912559517582558044e+00
